69
3 258 406 421
3 151 438 449
3 229 468 472
3 43 357 480
3 253 277 349
3 412 473 492
3 489 494 500
3 447 475 482
3 207 211 460
3 170 471 478
3 303 374 382
3 28 394 400
3 243 441 466
3 375 434 493
3 343 361 391
3 76 479 496
3 347 485 497
3 175 215 354
3 107 415 457
3 298 413 487
3 93 199 237
3 178 362 429
3 425 464 483
3 111 450 461
3 139 221 440
3 263 323 380
3 411 445 458
3 4 49 240
3 338 367 453
3 308 470 486
3 340 396 427
3 218 334 399
3 296 360 376
3 63 142 378
3 393 448 477
3 248 265 456
3 30 291 307
3 15 431 455
3 2 292 384
3 167 171 408
3 135 322 446
3 52 373 499
3 26 268 320
3 42 104 192
3 416 491 498
3 183 184 289
3 105 152 246
3 3 136 321
3 252 417 430
3 59 140 197
3 61 271 278
3 123 436 439
3 227 280 282
3 372 403 435
3 79 148 337
3 27 317 410
3 325 352 389
3 306 309 462
3 57 180 313
3 154 213 465
4 108 329 335 346
4 75 467 469 474
4 233 283 328 490
4 13 72 193 392
4 363 420 432 463
4 116 164 226 368
4 155 314 402 419
4 21 162 395 397
4 45 232 300 385