504
2 421 5357
2 59 5121
2 398 8148
2 370 6404
2 453 2589
2 44 5913
2 461 6255
2 132 5583
2 281 9906
2 110 3629
2 371 8785
2 63 6584
2 384 7710
2 443 3987
2 336 7529
2 49 1737
2 82 5231
2 71 4386
2 9 5796
2 7 8197
2 47 2094
2 62 9487
2 120 6735
2 213 8754
2 201 1756
2 328 2584
2 403 998
2 58 2395
2 18 6312
2 11 7923
2 446 6655
2 245 2861
2 65 7569
2 333 6632
2 177 5515
2 373 7444
2 251 7704
2 171 9612
2 463 8873
2 214 7262
2 6 8452
2 103 2489
2 257 7796
2 67 5905
2 321 8407
2 188 820
2 332 1729
2 60 604
2 296 6459
2 96 9004
2 301 1248
2 197 7549
2 55 7064
2 278 4848
2 264 8603
2 385 8733
2 407 9354
2 263 5886
2 283 8189
2 85 9529
2 3 8437
2 432 1524
2 464 4449
2 137 6839
2 17 5744
2 174 4100
2 56 4318
2 164 9213
2 145 4574
2 172 9483
2 297 6823
2 10 7108
2 451 3626
2 208 8479
2 117 3904
2 139 4233
2 211 5416
2 87 9620
2 480 1287
2 289 6476
2 28 2545
2 206 9383
2 124 4004
2 178 5427
2 53 3697
2 151 9131
2 307 4041
2 142 1396
2 236 847
2 253 2061
2 290 3015
2 362 4863
2 146 973
2 33 4644
2 210 9247
2 358 2155
2 404 7792
2 147 2222
2 489 3135
2 396 6668
2 150 7168
2 198 1492
2 39 4631
2 359 5363
2 32 2752
2 45 9618
2 170 2843
2 300 5570
2 471 2687
2 0 8284
2 149 7100
2 313 2117
2 433 1423
2 204 1561
2 355 4036
2 465 8775
2 234 3505
2 240 3295
2 430 9765
2 70 8004
2 431 8287
2 131 2932
2 372 8854
2 136 6640
2 270 1385
2 456 3273
2 97 8591
2 24 5616
2 500 3715
2 183 2096
2 439 9813
2 458 5918
2 37 2345
2 457 674
2 86 6639
2 487 3420
2 31 7936
2 40 4695
2 221 1556
2 462 2331
2 168 5090
2 335 5251
2 392 3825
2 343 666
2 325 1677
2 402 2598
2 502 4147
2 78 2935
2 152 6762
2 393 1114
2 68 5001
2 20 1081
2 229 9959
2 34 6756
2 305 8384
2 252 5592
2 13 8689
2 477 8119
2 76 6196
2 153 9818
2 57 1388
2 413 864
2 467 4106
2 83 7525
2 193 5989
2 346 683
2 293 948
2 395 6613
2 414 5526
2 16 9888
2 444 8320
2 23 5211
2 365 3942
2 499 8911
2 225 5083
2 30 4473
2 115 4194
2 459 7369
2 123 8585
2 185 9128
2 94 3149
2 143 5052
2 473 2459
2 101 7515
2 419 2968
2 22 936
2 160 2246
2 472 8777
2 381 4670
2 417 7819
2 219 7577
2 133 3484
2 159 8240
2 217 962
2 279 7863
2 157 2819
2 218 876
2 89 2723
2 207 8814
2 292 7939
2 163 7368
2 249 8837
2 241 9256
2 401 752
2 144 3457
2 288 8991
2 199 3176
2 304 7208
2 316 8392
2 356 7290
2 108 7950
2 287 8636
2 186 7101
2 348 2196
2 128 2728
2 425 4808
2 378 8641
2 441 684
2 189 2212
2 347 5791
2 383 9267
2 226 6240
2 415 2499
2 349 9614
2 388 5602
2 291 714
2 361 3656
2 200 9019
2 203 1013
2 227 1101
2 405 5651
2 4 4090
2 280 2064
2 376 2475
2 173 7259
2 268 3678
2 258 3765
2 318 839
2 491 7834
2 342 1491
2 483 4916
2 69 9894
2 409 2548
2 148 5048
2 194 3024
2 195 7945
2 312 6170
2 179 7198
2 435 4961
2 437 1004
2 111 4405
2 192 1071
2 118 9965
2 184 1115
2 209 5945
2 303 1233
2 121 4685
2 230 2124
2 478 7937
2 482 3302
2 274 3795
2 156 8152
2 424 3272
2 81 9986
2 311 4579
2 61 5042
2 256 3647
2 428 9295
2 406 2070
2 182 6677
2 452 7104
2 25 2141
2 224 1734
2 275 2008
2 341 7927
2 27 6495
2 54 5101
2 238 5773
2 319 6782
2 180 4702
2 422 7135
2 468 854
2 412 2115
2 154 4430
2 379 1707
2 360 2080
2 93 8058
2 302 5046
2 322 1164
2 493 4957
2 273 1214
2 394 4917
2 161 2922
2 38 2558
2 269 4788
2 51 8639
2 72 5214
2 181 7540
2 255 7409
2 323 7201
2 41 7896
2 130 1341
2 12 8063
2 175 7825
2 338 5653
2 169 976
2 308 4964
2 315 3499
2 411 6702
2 450 7202
2 2 1146
2 215 7961
2 106 1830
2 271 6381
2 326 7313
2 449 4509
2 191 4886
2 466 9568
2 314 3463
2 77 9307
2 309 6176
2 448 818
2 202 4983
2 298 3792
2 485 5772
2 228 7595
2 272 8612
2 112 5295
2 418 6107
2 114 7757
2 486 3047
2 498 3940
2 306 4135
2 481 2727
2 88 5982
2 299 4874
2 260 3607
2 423 3096
2 391 2274
2 329 8338
2 380 2228
2 91 5713
2 158 2964
2 374 9305
2 8 3896
2 64 6252
2 74 636
2 165 1353
2 220 3228
2 196 3566
2 267 7136
2 492 1210
2 216 3309
2 427 4322
2 337 8485
2 248 887
2 138 8608
2 242 5310
2 222 3293
2 140 7305
2 162 6168
2 235 1851
2 284 4240
2 244 7543
2 294 4925
2 352 7516
2 475 6550
2 262 8322
2 410 4406
2 107 9433
2 237 1988
2 503 6935
2 190 1203
2 390 8745
2 119 9129
2 277 7551
2 187 9866
2 254 1671
2 239 1955
2 382 4940
2 469 5625
2 434 7145
2 66 9795
2 1 1812
2 141 4185
2 363 9527
2 250 8116
2 496 4141
2 295 3437
2 455 5219
2 21 5383
2 95 4131
2 331 594
2 400 7579
2 105 1450
2 436 1322
2 447 7326
2 476 8465
2 19 3114
2 43 2456
2 127 9552
2 327 8851
2 26 2259
2 261 4167
2 357 4235
2 438 4637
2 364 7359
2 367 3042
2 369 3142
2 134 766
2 265 1094
2 5 1713
2 14 4655
2 389 7231
2 122 5006
2 129 1742
2 310 5652
2 98 3686
2 232 1934
2 324 7583
2 377 2686
2 484 9539
2 176 9690
2 75 532
2 48 5873
2 42 2962
2 233 4074
2 80 4561
2 247 5494
2 282 9525
2 50 7715
2 353 4657
2 126 8803
2 340 3844
2 386 9263
2 285 727
2 399 2481
2 408 3072
2 366 8553
2 345 1050
2 334 4847
2 354 1895
2 416 7083
2 460 723
2 46 4112
2 212 4475
2 243 6129
2 100 6957
2 29 2759
2 113 3357
2 231 4102
2 351 7447
2 445 8250
2 490 9235
2 501 8387
2 84 9532
2 474 9917
2 79 2982
2 90 4374
2 104 2293
2 166 2736
2 317 7088
2 286 7196
2 442 1946
2 488 8736
2 109 3519
2 330 8332
2 387 954
2 397 3196
2 426 7032
2 454 7648
2 479 7308
2 276 8375
2 497 859
2 339 4320
2 36 9196
2 125 8010
2 344 9946
2 259 1591
2 495 2045
2 167 5163
2 223 6547
2 116 9063
2 52 1418
2 135 4076
2 266 1724
2 368 2726
2 470 5777
2 99 6882
2 429 2060
2 440 3337
2 15 2342
2 73 4619
2 155 5904
2 320 6611
2 35 7725
2 102 8193
2 205 8767
2 246 850
2 375 1568
2 92 2652
2 350 3689
2 420 6178
2 494 9106