100
2 78 32085
2 18 70098
2 97 24622
2 65 41003
2 2 82967
2 82 33739
2 43 61298
2 28 75534
2 31 6272
2 93 32533
2 27 1679
2 46 54956
2 49 42033
2 73 69258
2 75 14779
2 20 56433
2 38 54094
2 58 95902
2 76 61157
2 90 42969
2 35 97319
2 37 83924
2 45 10644
2 98 35983
2 7 92513
2 86 74687
2 22 32771
2 33 36756
2 41 28440
2 48 22821
2 71 29760
2 84 76341
2 96 60310
2 25 46106
2 32 90043
2 36 25708
2 56 37948
2 59 77794
2 92 98840
2 55 26923
2 60 8294
2 62 48870
2 66 7742
2 74 55283
2 1 16640
2 3 83942
2 5 13440
2 6 11880
2 16 13993
2 17 83062
2 21 27350
2 95 40995
2 12 12898
2 29 50671
2 50 2573
2 51 35698
2 54 23015
2 67 63368
2 70 84043
2 79 63463
2 80 58251
2 4 65032
2 8 36008
2 13 97666
2 14 65330
2 15 81280
2 23 66165
2 24 92942
2 39 4520
2 42 3979
2 47 4502
2 63 6393
2 64 6463
2 68 10224
2 81 15766
2 88 17108
2 91 26662
2 0 34364
2 9 39689
2 10 48110
2 11 53103
2 19 48349
2 26 59114
2 30 53960
2 34 61112
2 40 63229
2 44 63779
2 52 66437
2 53 67926
2 57 75138
2 61 79563
2 72 83374
2 69 13579
2 77 7552
2 83 14671
2 85 18778
2 87 12634
2 89 21374
2 94 21315
2 99 22305